Date,Merchant,Debit,Credit,Balance
2024-01-15,GROCERY STORE,-150.00,,-150.00
2024-01-16,PAYMENT RECEIVED,,-500.00,350.00
2024-01-17,GAS STATION,-45.99,,-395.99
2024-01-18,COFFEE SHOP,-5.50,,-401.49
2024-01-19,ELECTRIC COMPANY,-125.00,,-526.49
2024-01-20,CASH ADVANCE,-100.00,,-626.49
2024-01-21,RESTAURANT,-89.50,,-715.99
2024-01-22,PAYMENT RECEIVED,,-300.00,-415.99
2024-01-23,ONLINE PURCHASE,-75.25,,-491.24
2024-01-24,REFUND,,25.00,-466.24
